1	4802
2	6945
3	133
4	196
5	1187
6	181
7	10989
8	1734
9	183
10	562
11	2360
12	2109
13	3079
14	142
15	83
16	3965
17	2089
18	226
19	151
20	1551
21	1364
22	506
23	1120
24	2385
25	2878
26	241
27	379
28	3138
29	2024
30	63
31	740
32	2775
33	465
34	562
35	2737
36	1468
37	766
38	202
39	3758
40	547
41	845
42	179
43	626
44	219
45	1247
48	644
50	1086
51	3581
53	10728
54	1702
55	9895
56	272
57	724
58	703
59	320
60	557
61	560
62	602
63	5718
64	7990
67	12872
68	435
69	2256
72	338
74	369
75	2825
76	1364
77	602
78	1844
79	244
80	1155
81	749
82	288
83	1156
84	2504
85	9854
86	1435
89	983
90	3820
91	16778
92	2579
96	233
98	133
99	1614
101	105
102	2050
103	1138
104	2491
105	11189
106	1226
107	29766
110	47
111	802
112	1449
113	355
114	1955
115	70
117	82
119	1052
120	14911
121	15290
122	17947
126	6745
127	199
131	752
133	278
134	19980
136	882
143	4009
150	823
154	19920
157	29610
161	345
163	122
201	1190
202	5290
203	584
222	1105
223	1210
236	628
238	16372
240	707
245	3413
254	3016
266	985
267	169
268	483
412	807
420	5798
421	271
427	2402
429	115
432	367
