1	0.53	0.101593	7.60	3.41	81	9	7343
2	0.49	0.124131	6.44	3.47	27	2	5607
3	0.54	0.064117	4.96	4.66	5	1	889
4	0.51	0.077816	6.94	3.34	35	5	4305
5	0.52	0.146287	7.00	2.93	38	5	5414
6	0.45	0.132042	6.26	2.77	4	2	568
7	0.49	0.195189	9.06	3.81	37	9	5446
8	0.46	0.086504	5.46	2.99	12	1	2497
9	0.47	0.075727	5.62	3.35	12	2	1479
10	0.52	0.095481	5.94	3.11	47	15	2744
11	0.48	0.116960	8.46	2.53	311	68	5224
12	0.48	0.036648	1.78	3.84	0	0	7231
13	0.45	0.103720	6.39	3.24	70	12	5833
14	0.52	0.073512	4.56	3.81	7	0	3360
15	0.50	0.080421	5.99	3.81	60	13	3892
16	0.50	0.025271	0.93	4.43	0	0	5342
17	0.49	0.137230	6.38	2.59	51	10	6398
18	0.48	0.106661	7.45	3.39	113	23	4744
19	0.51	0.051305	6.09	3.71	6	1	2261
20	0.52	0.061099	4.12	4.90	2	1	2275
21	0.53	0.085742	7.27	3.75	204	25	9307
22	0.50	0.088962	6.14	3.26	126	21	8543
23	0.50	0.152794	6.52	2.71	51	6	4241
24	0.50	0.122669	6.94	2.76	66	11	5095
25	0.50	0.056625	3.35	4.17	6	0	11479
26	0.51	0.060355	3.39	4.69	0	0	2535
27	0.52	0.073613	4.14	2.64	4	2	2649
28	0.50	0.168700	8.57	3.96	20	2	3361
29	0.53	0.158388	9.22	3.62	319	64	7690
30	0.51	0.067542	8.26	3.21	20	3	1066
31	0.46	0.083333	6.16	3.76	11	1	3060
32	0.51	0.049753	5.07	4.39	23	4	5467
33	0.53	0.067185	4.68	4.17	1	0	2188
34	0.53	0.138044	6.58	5.14	14	2	2137
35	0.53	0.144990	8.05	3.58	18	2	4621
36	0.49	0.094606	5.39	3.46	9	2	2336
37	0.52	0.042851	2.85	4.22	5	1	7281
38	0.49	0.088356	8.57	3.43	44	7	1709
39	0.50	0.117581	7.31	3.13	59	9	4431
40	0.53	0.020594	0.94	6.00	1	0	7672
41	0.50	0.090909	6.32	3.56	39	6	3630
42	0.50	0.085762	8.23	3.83	36	6	1784
43	0.47	0.062254	2.89	3.95	6	1	7100
44	0.51	0.039049	1.51	4.74	0	0	2356
45	0.51	0.053141	8.18	3.59	28	3	5269
48	0.49	0.113305	4.94	3.67	13	2	4051
50	0.51	0.084441	6.34	3.57	25	5	2333
51	0.50	0.094218	6.57	3.45	334	52	17640
53	0.53	0.051152	2.54	3.98	1	0	9286
54	0.50	0.055592	5.16	4.33	16	2	6062
55	0.48	0.170669	9.67	2.98	237	44	5414
56	0.50	0.102868	8.25	3.67	19	1	2615
57	0.50	0.072961	4.36	3.98	6	1	3961
58	0.50	0.166554	6.13	3.42	25	6	4419
59	0.51	0.110359	6.43	4.23	15	0	2954
60	0.47	0.124848	7.10	3.43	17	0	3300
61	0.50	0.094486	6.69	4.12	59	6	6837
62	0.51	0.147979	7.43	3.58	43	6	4602
63	0.53	0.099913	6.56	3.33	51	4	8087
64	0.49	0.175881	7.52	3.58	64	5	18757
67	0.51	0.096407	8.17	2.98	796	169	18204
68	0.51	0.113271	6.89	3.29	17	2	2675
69	0.50	0.114976	7.37	3.30	46	7	3105
72	0.52	0.063194	5.13	4.41	4	0	1440
74	0.48	0.048199	4.89	2.63	2	0	1888
75	0.52	0.059024	5.10	3.24	39	7	7912
76	0.43	0.117647	6.63	3.13	8	1	2737
77	0.50	0.097474	5.42	3.71	14	3	2811
78	0.51	0.118448	4.96	4.03	6	2	6467
79	0.47	0.089985	4.95	3.74	4	0	1967
80	0.49	0.214989	8.17	3.34	37	3	4163
81	0.48	0.120299	7.34	4.21	255	53	16301
82	0.50	0.134636	6.70	2.63	8	0	921
83	0.52	0.102812	5.59	3.07	15	2	2276
84	0.47	0.084859	9.30	2.82	60	11	3005
85	0.51	0.098807	6.81	3.45	52	6	4696
86	0.50	0.105749	6.59	3.53	20	2	4331
89	0.51	0.047931	2.09	3.93	2	0	8867
90	0.52	0.072771	6.30	3.71	21	2	3353
91	0.46	0.204857	8.99	2.88	20	1	3500
92	0.51	0.148365	7.54	2.94	134	21	7859
96	0.48	0.059281	7.72	3.32	19	1	1029
98	0.46	0.078574	3.58	4.49	3	0	2469
99	0.50	0.089992	6.61	4.49	51	5	13879
101	0.52	0.085009	7.52	4.55	22	5	2188
102	0.53	0.083153	6.83	3.89	70	13	5075
103	0.52	0.091405	7.52	3.94	64	6	7516
104	0.50	0.126004	7.48	3.41	91	20	6849
105	0.49	0.143370	9.36	3.20	76	13	6410
106	0.51	0.104393	6.29	4.12	15	4	3870
107	0.48	0.154160	8.61	2.90	78	8	5384
110	0.47	0.099336	7.33	3.47	30	4	3010
111	0.50	0.048713	2.87	4.08	5	1	6836
112	0.52	0.074830	7.74	3.69	116	13	6174
113	0.51	0.058866	4.90	4.90	7	0	2752
114	0.51	0.176345	7.18	2.93	52	16	3737
115	0.52	0.091481	6.88	3.84	17	4	2383
117	0.49	0.054468	2.18	4.20	1	0	3066
119	0.49	0.122161	8.01	2.77	138	23	6164
120	0.52	0.096962	7.39	4.39	33	4	6714
121	0.49	0.147792	8.96	3.42	109	10	7382
122	0.51	0.176905	7.19	3.06	221	36	7439
126	0.51	0.145578	7.85	3.44	52	8	5722
127	0.46	0.082535	5.79	3.24	7	1	1878
131	0.50	0.067903	8.12	3.30	36	8	3505
133	0.49	0.145205	8.19	3.06	9	1	2190
134	0.49	0.097979	8.24	3.27	41	2	5491
136	0.49	0.076687	6.50	3.57	10	0	978
143	0.50	0.054122	3.95	3.33	6	0	5968
150	0.47	0.081324	5.26	2.91	11	3	3566
154	0.51	0.072237	5.33	5.89	9	2	5302
157	0.50	0.166035	7.52	2.43	373	76	12407
161	0.54	0.078455	6.88	3.95	12	1	4117
163	0.49	0.132805	6.62	3.23	4	1	1009
201	0.50	0.029067	1.52	4.33	0	0	6571
202	0.50	0.125570	7.78	4.20	235	40	16230
203	0.46	0.131565	6.68	2.72	21	3	1847
222	0.50	0.088589	7.31	3.51	501	103	13286
223	0.46	0.085065	3.38	3.72	1	0	2598
236	0.47	0.116849	7.51	3.42	209	40	10689
238	0.46	0.127159	8.85	3.01	53	7	5906
240	0.46	0.151171	6.98	3.58	8	2	1495
245	0.49	0.115390	7.21	3.15	77	10	6959
254	0.54	0.099729	6.97	3.84	42	2	8122
266	0.46	0.158203	6.01	3.34	7	1	1024
267	0.52	0.033814	1.66	5.39	0	0	7275
268	0.42	0.069479	5.70	2.64	26	7	1209
412	0.48	0.055730	2.10	4.07	2	0	14983
420	0.49	0.097723	5.87	2.57	37	4	3162
421	0.47	0.093131	5.00	4.27	4	0	1514
427	0.51	0.062719	3.52	4.96	2	0	2567
429	0.44	0.151434	7.33	2.83	29	5	1116
432	0.49	0.062460	2.81	3.95	1	0	4643
